"xpos","ypos","coin","emnemy","shot","enemy/shot","level","keyX","keyY","respawn_enemy", "respawn_coin"
415.25,344.25,1,0,1,1,1,3,4,5,6
317.6,178.0,7,6,6,0,1,13,13,6,7
344.2,218.6,6,6,8,2,2,21,16,11,11
297.3,387.3,2,8,10,2,3,13,10,13,7
354.7,372.6,4,8,9,1,3,17,10,8,4
281.2,470.6,5,5,5,0,4,16,15,10,10
414.2,451.7,3,9,9,0,5,22,16,14,8
368.0,500,0,0,0,0,1,0,0,5,5
355.4,187.1,7,8,9,1,1,14,15,7,7
453.4,369.1,4,7,9,2,2,12,8,13,9
375.0,217.9,5,5,6,1,3,16,17,10,10
546.5,253.6,5,4,4,0,3,22,17,4,5
471.6,374.7,3,13,14,1,4,18,12,18,8
471.6,491.8,3,10,10,0,5,22,15,15,8
252.5,493.3,2,11,11,0,5,19,7,11,2
257.4,447.1,2,4,5,1,6,13,13,9,7
270.0,449.9,2,5,7,2,7,20,14,10,7
368.0,500,0,0,0,0,1,0,0,5,5
517.8,171.0,6,4,4,0,1,11,14,4,6
431.7,269.7,7,8,9,1,2,22,11,13,12
433.1,287.9,6,6,7,1,3,13,10,11,11
335.1,453.1,3,9,10,1,3,10,8,9,3
211.9,330.6,2,10,11,1,4,19,5,14,7
328.8,271.8,4,11,12,1,5,11,9,17,9
173.4,347.4,3,7,9,2,5,17,12,7,3
368.0,500,0,0,0,0,1,0,0,5,5
370.1,259.9,5,2,4,2,1,11,5,2,5
475.8,161.2,4,2,2,0,2,12,8,7,9
339.3,237.5,2,5,9,4,3,15,10,10,7
397.4,373.3,3,12,13,1,3,13,11,12,3
386.9,374.0,4,10,11,1,4,18,14,15,9
300.8,300.5,3,5,8,3,5,25,17,10,8
125.8,427.9,2,8,9,1,5,22,15,8,2
107.8,342.5,0,8,9,1,6,21,18,12,5
582.4,397.8,2,10,10,0,7,20,14,15,7
619.5,418.8,2,8,9,1,7,25,18,9,2
368.0,500,0,0,0,0,1,0,0,5,5
538.8,189.9,5,7,7,0,1,8,8,7,5
410.7,201.8,9,5,6,1,2,14,15,10,14
217.5,257.8,3,8,9,1,3,11,9,13,8
447.8,231.9,5,6,7,1,3,19,13,6,5
368.0,500,0,0,0,0,1,0,0,5,5
375.0,198.3,5,5,5,0,1,11,11,5,5
312.7,341.8,4,6,9,3,2,10,8,11,9
461.1,356.5,6,10,12,2,3,16,10,15,11
206.3,368.4,3,13,15,2,3,14,11,13,3
383.4,403.4,4,13,14,1,4,18,11,18,9
372.2,324.3,5,10,11,1,5,17,16,15,10
449.2,327.1,1,1,1,0,1,6,4,6,6
426.8,341.8,9,7,7,0,2,12,10,12,14
263.7,269.7,5,5,6,1,2,12,11,5,5
251.1,252.5,5,8,8,0,3,12,14,13,10
399.5,382.0,4,9,11,2,4,13,4,14,9
566.8,402.3,2,9,10,1,4,18,10,9,2
249.0,446.4,5,14,14,0,5,18,13,18,10
285.6,433.1,4,10,10,0,6,18,12,16,9
341.6,410.7,2,7,9,2,6,23,20,7,2
381.3,321.5,3,2,2,0,1,7,3,7,8
533.2,243.1,0,1,2,1,1,4,3,1,0
296.6,248.0,5,2,2,0,1,4,4,2,5
483.5,211.6,2,5,6,1,2,7,5,9,7
366.6,291.4,2,4,4,0,2,5,6,5,2
424.7,376.8,1,4,5,1,3,6,5,9,6
358.9,405.5,3,4,4,0,3,6,3,4,3
358.9,411.1,2,4,4,0,3,7,6,4,2
254.6,371.2,1,1,3,2,4,8,7,6,6
337.2,330.6,2,7,7,0,4,8,7,7,2
361.0,402.7,3,4,5,1,4,7,4,4,3
431.0,367.0,0,5,5,0,5,10,3,10,5
368.0,500,0,0,0,0,1,0,0,5,5
391.8,250.1,2,2,2,0,1,8,5,2,2
372.2,177.3,4,1,1,0,1,9,8,1,4
468.8,184.3,4,2,2,0,2,8,4,7,9
549.3,126.9,3,3,4,1,2,8,7,3,3
396.0,199.0,3,4,5,1,2,6,6,4,3
384.1,234.0,3,4,3,-1,3,7,4,9,8
301.5,389.4,1,5,6,1,3,9,4,5,1
363.1,403.4,2,4,5,1,3,6,5,4,2
213.3,336.9,2,5,6,1,4,7,4,10,7
208.4,374.0,1,5,4,-1,4,9,4,5,1
296.6,299.1,2,3,4,1,4,5,4,3,2
225.2,412.9,1,6,6,0,5,15,7,11,6
140.8,369.4,1,3,3,0,5,7,6,2,1
462.7,402.3,0,9,9,0,5,9,3,10,0
368.0,500,0,0,0,0,1,0,0,5,5
243.4,391.5,3,0,0,0,1,14,13,0,3
411.4,430.7,3,1,1,0,2,10,10,6,8
198.1,469.2,4,1,1,0,2,10,12,0,4
420.7,419.1,3,0,0,0,3,8,6,6,8
384.3,503.1,0,1,1,0,4,12,5,6,5
170.1,487.0,0,1,1,0,4,12,7,1,0
368.0,500,0,0,0,0,1,0,0,5,5
181.8,406.5,4,0,0,0,1,18,11,0,4
473.0,421.2,3,0,0,0,2,9,8,5,8
394.6,507.3,3,0,0,0,2,9,2,0,3
175.7,486.3,2,1,1,0,3,6,3,6,7
378.7,435.9,2,1,1,0,4,11,5,6,7
368.0,500,0,0,0,0,1,0,0,5,5
506.6,417.3,2,2,2,0,1,5,4,2,2
140.8,493.3,3,0,0,0,2,6,6,5,8
273.0,354.0,5,0,0,0,2,10,9,0,5
338.1,452.7,3,3,3,0,3,9,5,8,8
368.0,500,0,0,0,0,1,0,0,5,5
486.3,241.3,4,2,2,0,1,5,6,2,4
484.2,514.3,2,0,0,0,2,12,7,5,7
298.0,519.2,3,1,1,0,2,37,7,1,3
363.1,436.6,3,1,1,0,3,13,9,6,8
287.5,386.2,3,1,1,0,4,10,12,6,8
123.7,417.7,3,1,1,0,4,9,10,1,3
335.8,447.1,1,2,2,0,5,10,4,7,6
368.0,500,0,0,0,0,1,0,0,5,5
360.5,500.3,1,1,1,0,1,10,8,1,1
271.6,536,2,1,1,0,2,9,3,6,7
345.1,484.9,2,1,1,0,2,7,5,1,2
177.8,528.3,1,0,0,0,3,11,6,5,6
314.1,492.3,0,1,5,4,1,10,2,6,5
421.9,477.8,2,7,8,1,2,11,2,12,7
324.6,482.8,1,8,9,1,2,9,3,8,1
254.6,475.1,2,5,6,1,3,10,5,10,7
146.4,525.5,1,5,9,4,4,10,3,10,6
368.0,500,0,0,0,0,1,0,0,5,5
538.8,480.0,2,4,7,3,1,11,3,4,2
235.0,519.9,1,6,6,0,2,11,6,11,6
267.4,459.0,2,8,9,1,3,12,1,13,7
168.0,491.9,2,5,8,3,3,15,8,5,2
404.75,492.375,0,0,1,1,1,4,3,5,5
528.3,442.2,1,3,3,0,1,10,3,3,1
342.1,440.1,3,3,4,1,2,8,7,8,8
388.3,414.9,2,4,6,2,3,13,8,9,7
408.6,431.0,1,13,14,1,3,11,0,12,1
304.3,462.5,1,11,12,1,4,16,1,17,6
115.3,462.5,2,7,8,1,5,7,4,12,7
231.5,524.8,2,14,15,1,5,9,6,14,2
399.5,440.5,1,2,2,0,1,7,5,7,6
469.5,385.9,3,5,6,1,1,11,6,5,3
264.4,404.8,3,7,10,3,2,10,7,12,8
384.8,271.1,5,9,9,0,3,14,13,14,10
367.3,467.5,2,10,9,-1,3,11,6,10,2
353.3,503.8,1,12,13,1,4,13,3,17,6
371.5,462.5,2,9,10,1,4,19,3,9,2
368.0,500,0,0,0,0,1,0,0,5,5
557.0,394.6,1,1,2,1,1,10,9,1,1
338.6,266.5,4,7,7,0,2,9,7,11,9
336.5,436.6,2,9,11,2,2,10,6,10,2
420.5,492.6,2,12,11,-1,3,14,7,16,7
220.3,454.1,2,10,10,0,4,16,3,16,7
370.1,363.5,2,3,3,0,1,8,4,8,7
504.5,281.6,5,7,8,1,2,11,12,12,10
242.0,369.8,2,10,11,1,2,10,12,10,2
368.0,500,0,0,0,0,1,0,0,5,5
440.8,463.6,0,2,3,1,1,5,3,7,5
438.0,162.6,8,8,9,1,1,16,7,8,8
377.8,297.0,3,10,11,1,2,13,3,15,8
358.9,405.5,1,9,11,2,3,12,7,14,6
556.3,510.5,1,10,12,2,3,11,0,10,1
368.0,500,0,0,0,0,1,0,0,5,5
295.9,402.0,1,4,5,1,1,13,6,4,1
410.0,503.5,1,7,8,1,2,11,6,12,6
463.9,536,0,12,13,1,2,12,0,12,0
111.1,536,3,10,13,3,3,14,2,15,8
318.3,535.3,1,13,16,3,4,12,2,18,6
316.2,536,0,24,24,0,4,15,0,24,0
378.5,536,1,24,27,3,5,9,1,28,6
317.6,527.6,0,25,29,4,5,12,1,26,0
368.0,500,0,0,0,0,1,0,0,5,5
267.9,495.8,2,6,8,2,1,11,4,6,2
263.7,418.1,2,5,10,5,2,12,3,9,7
380.6,474.1,2,10,11,1,2,13,1,11,2
335.8,536,1,9,13,4,3,13,2,14,6
276.3,536,1,15,18,3,4,9,0,20,6
365.2,263.4,2,5,5,0,1,12,8,10,7
524.1,456.6,1,7,9,2,2,8,3,12,6
184.4,492.6,0,9,10,1,2,12,3,9,0
322.0,442.2,2,7,9,2,3,12,6,12,7
338.8,532.5,1,12,14,2,3,11,0,12,1
342.3,519.9,0,13,13,0,4,12,4,18,5
387.8,536,2,13,13,0,5,15,2,17,7
361.9,536,1,20,23,3,5,12,1,21,1
527.1,526.9,0,22,24,2,6,12,7,27,5
361.875,500,0,0,2,2,1,1,0,5,5
187.4,371.9,1,0,5,5,1,5,3,0,1
384.8,330.6,1,2,7,5,1,4,5,2,1
372.2,359.3,2,1,5,4,1,5,5,1,2
257.4,302.6,1,1,7,6,2,5,4,6,6
207.0,233.3,1,2,8,6,2,8,2,2,1
144.0,454.6,2,2,5,3,2,13,9,2,2
168.0,408.6,1,0,5,5,2,9,7,0,1
158.2,384.1,1,2,6,4,2,9,11,2,1
368.0,500,0,0,0,0,1,0,0,5,5
362.4,300.8,0,3,7,4,1,3,4,3,0
318.3,259.5,1,2,9,7,1,7,6,2,1
543.7,246.2,3,3,8,5,1,8,8,3,3
561.9,437.3,0,1,4,3,1,6,2,1,0
368.0,500,0,0,0,0,1,0,0,5,5
297.3,479.8,0,2,4,2,1,8,3,2,0
111.5,260.2,2,1,6,5,1,8,10,1,2
368.2,190.9,3,0,7,7,1,10,11,0,3
306.6,231.5,1,0,8,8,1,8,3,0,1
450.8,426.8,0,3,4,1,2,15,6,8,5
393.4,421.2,1,2,5,3,2,6,5,2,1
368.0,507.0,0,0,1,1,1,1,1,5,5
383.4,427.5,0,0,5,5,1,8,8,0,0
433.1,354.0,0,3,6,3,1,10,4,3,0
515.7,162.2,3,1,9,8,1,11,8,1,3
279.1,337.9,1,3,8,5,1,4,5,2,1
146.8,375.7,1,3,6,3,2,4,2,9,6
261.6,335.8,0,0,5,5,2,13,3,0,0
265.8,246.9,2,1,6,5,2,10,10,1,2
435.2,361.7,1,3,7,4,2,7,3,3,1
450.6,305.0,1,2,6,4,3,11,9,7,6
496.8,254.6,1,4,9,5,3,9,6,4,1
477.9,466.0,1,1,4,3,3,12,12,1,1
515.0,499.6,1,3,5,2,3,13,9,3,1
441.5,473.7,1,3,5,2,3,10,11,3,1
566.8,503.8,0,0,3,3,4,14,5,5,5
678.8,465.3,2,3,6,3,4,6,4,3,2
676.2,536,0,4,6,2,4,11,1,3,0
719.9,522.0,0,1,4,3,4,7,1,2,0
389.0,434.375,0,0,3,3,1,1,1,5,5
286.8,246.6,0,3,8,5,1,4,5,3,0
454.1,164.0,3,2,10,8,1,7,4,2,3
627.7,273.9,2,0,10,10,1,2,4,0,2
353.3,528.1,0,3,6,3,2,17,1,8,5
449.9,396.0,3,4,6,2,2,10,6,4,3
368.0,500,0,0,0,0,1,0,0,5,5
337.9,447.4,0,0,4,4,1,7,3,0,0
379.9,209.8,2,2,8,6,1,9,7,2,2
483.5,191.6,3,2,9,7,1,10,6,2,3
279.1,144.0,3,3,11,8,1,17,14,2,3
330.9,179.0,3,1,8,7,2,13,10,7,8
386.9,281.9,0,3,8,5,2,14,7,3,0
377.1,390.4,1,1,4,3,2,12,3,1,1
355.4,531.1,1,3,5,2,2,9,3,3,1
312.7,536,0,2,3,1,2,7,0,2,0
195.8,536,3,3,5,2,3,5,10,7,8
194.4,529.7,0,3,4,1,3,16,1,4,0
181.4,536,0,6,8,2,3,13,0,5,0
91.0,536,0,2,4,2,3,16,0,3,0
107.8,528.3,1,3,4,1,3,15,5,3,1
70.0,498.2,0,1,5,4,4,2,18,6,5
377.625,518,0,0,3,3,1,1,2,5,5
537.4,395.3,1,2,6,4,1,7,5,2,1
508.0,287.5,0,0,6,6,1,5,6,0,0
448.5,452.0,0,1,5,4,1,2,0,1,0
433.1,433.8,3,0,4,4,2,4,8,5,8
500.3,391.8,0,2,6,4,2,3,5,2,0
249.7,511.5,0,2,4,2,2,7,6,2,0
183.2,510.1,1,2,4,2,2,5,9,2,1
323.9,501.0,2,3,5,2,2,8,12,3,2
368.0,500,0,0,0,0,1,0,0,5,5
319.0,497.9,0,0,3,3,1,6,2,0,0
247.6,278.8,2,3,8,5,1,10,5,3,2
447.1,214.4,3,0,7,7,1,5,7,0,3
378.5,229.1,2,1,8,7,1,8,6,1,2
512.2,259.2,1,0,7,7,2,4,4,5,6
375.0,285.1,2,1,7,6,2,6,6,1,2
400.9,247.3,1,3,9,6,2,10,3,3,1
314.8,388.0,1,4,7,3,2,9,9,4,1
368.0,500,0,0,0,0,1,0,1,5,5
425.4,534.6,0,0,4,4,1,3,5,0,0
538.8,265.1,3,0,6,6,1,5,3,0,3
400.9,175.5,0,0,5,5,1,7,3,0,0
368.0,500,0,0,0,0,1,0,0,5,5
311.3,420.3,0,1,5,4,1,4,4,0,0
441.5,239.2,1,2,8,6,1,7,8,3,1
221.0,227.3,3,1,8,7,1,9,5,1,3
417.0,377.8,0,2,7,5,1,9,2,2,0
519.9,449.9,3,0,4,4,2,8,6,5,8
292.4,516.4,0,6,6,0,2,11,0,6,0
221.0,536,0,5,6,1,2,11,1,5,0
408.6,536,0,1,3,2,2,7,0,1,0
459.7,536,2,2,5,3,2,9,0,2,2
448.5,536,0,2,4,2,3,16,0,7,5
473.7,536,0,5,6,1,3,21,0,5,0
240.6,536,0,7,7,0,3,22,0,7,0
368.0,500,0,0,0,0,1,0,0,5,5
235.0,481.9,0,0,4,4,1,10,2,0,0
415.6,379.2,0,3,6,3,1,5,9,2,0
325.3,449.2,1,0,5,5,1,9,7,1,1
189.5,405.1,2,4,6,2,1,12,8,4,2
321.1,236.4,1,1,7,6,2,10,12,6,6
276.3,361.0,2,4,7,3,2,7,13,4,2
566.8,508.7,1,5,7,2,2,10,9,5,1
371.5,532.5,0,2,4,2,2,21,1,2,0
280.5,435.9,2,4,6,2,2,15,7,4,2
504.5,533.2,0,2,5,3,3,9,3,6,5
438.0,536,0,1,4,3,3,17,0,2,0
517.8,536,0,4,6,2,3,16,0,4,0
368.0,500,0,0,0,0,1,0,0,5,5
356.1,502.9,0,0,4,4,1,3,7,0,0
377.1,427.5,0,3,5,2,1,5,9,3,0
390.4,246.9,3,2,7,5,1,12,13,2,3
433.1,137.7,2,2,10,8,1,9,13,1,2
340.7,276.3,1,2,7,5,2,14,12,8,6
348.4,267.9,2,5,7,2,2,13,14,4,2
193.0,271.4,3,1,7,6,2,10,16,2,3
421.9,326.0,0,3,7,4,2,9,9,3,0
469.5,293.8,1,0,6,6,2,10,15,0,1
398.1,163.6,2,0,8,8,3,13,12,5,7
608.8,211.9,1,0,6,6,3,13,11,0,1
451.3,341.4,1,3,7,4,3,6,13,3,1
551.4,420.5,0,2,5,3,3,8,9,1,0
624.9,529.0,0,3,4,1,3,15,2,4,0
594.1,536,0,4,5,1,4,18,0,9,5
442.9,536,0,3,5,2,4,19,0,3,0
399.5,519.2,1,2,4,2,4,15,5,2,1
368.0,500,0,0,0,0,1,0,0,5,5
368.0,500,0,0,0,0,1,0,0,5,5
293.1,500,0,3,4,1,1,10,0,3,0
203.7,240.3,2,0,0,0,2,3,7,5,7
546.7,492.6,1,6,8,2,2,18,3,6,1
366.1,531.8,4,1,3,2,3,8,3,5,9
420.7,536,1,6,9,3,3,10,2,7,1
420.0,536,1,12,13,1,4,11,2,16,6
380.1,512.2,1,10,11,1,4,20,2,11,1
223.3,475.8,2,10,10,0,5,25,1,14,7
368.0,500,0,0,0,0,1,0,0,5,5
335.1,500,0,2,2,0,1,2,0,2,0
230.1,521.1,3,1,3,2,2,6,4,6,8
501.2,486.3,2,1,1,0,2,6,6,1,2
478.1,536,4,5,7,2,3,16,4,10,9
678.3,464.6,1,6,9,3,3,6,5,6,1
166.9,459.0,3,6,7,1,3,13,3,6,3
536.5,536,1,9,11,2,4,18,4,14,6
610.7,536,0,8,9,1,4,13,1,7,0
228.5,498.9,1,6,6,0,5,9,3,12,6
179.5,519.9,1,2,7,5,5,12,3,2,1
284.9,515.0,1,10,10,0,6,13,0,14,6
323.4,536,1,9,12,3,6,2,2,10,1
307.8,358.6,2,0,0,0,1,4,2,5,7
281.9,512.9,3,1,2,1,1,3,5,1,3
224.4,487.0,3,4,5,1,2,13,5,9,8
338.8,536,3,4,7,3,3,15,0,9,8
368.0,500,0,0,0,0,1,0,0,5,5
493.3,321.0,2,1,2,1,1,6,3,1,2
602.5,491.2,2,3,3,0,2,7,5,8,7
210.5,536,0,4,11,7,2,17,0,4,0
224.5,536,2,3,7,4,3,5,0,8,7
429.6,536,1,8,11,3,3,16,2,8,1
484.9,503.1,2,8,10,2,4,3,1,13,7
259.5,536,0,8,10,2,4,15,2,8,0
375.0,536,1,6,9,3,5,10,2,11,6
479.3,536,1,6,9,3,5,16,3,5,1
361.0,536,0,7,9,2,6,8,0,13,5
411.4,536,1,12,12,0,6,10,0,11,1
368.0,500,0,0,0,0,1,0,0,5,5
447.1,364.2,2,0,0,0,1,4,4,0,2
429.6,431.4,4,1,1,0,2,5,5,6,9
60.9,524.8,2,0,1,1,2,4,3,0,2
414.4,457.6,3,4,7,3,3,11,4,9,8
301.7,524.8,1,8,10,2,3,7,4,7,1
266.0,368.0,2,3,5,2,3,8,2,4,2
399.7,480.0,2,5,6,1,4,9,4,9,7
366.8,513.6,2,8,9,1,4,11,1,9,2
430.5,536,0,9,12,3,5,19,1,14,5
397.6,536,2,15,15,0,5,24,0,15,2
455.5,500,0,0,0,0,1,2,0,5,5
652.2,500.3,2,0,1,1,1,4,4,0,2
506.6,471.6,3,0,0,0,2,6,2,5,8
616.5,520.6,1,5,9,4,2,11,1,5,1
426.8,536,1,3,7,4,3,22,1,7,6
538.8,510.1,2,5,7,2,3,14,4,6,2
193.0,522.0,0,5,7,2,4,9,0,10,5
189.0,526.2,2,2,4,2,4,18,4,2,2
147.7,536,0,3,4,1,4,20,0,3,0
317.1,536,1,6,10,4,5,12,0,11,6
368.0,500,0,0,0,0,1,0,0,5,5
311.3,402.7,1,0,0,0,1,4,3,0,1
318.3,358.9,4,0,0,0,1,7,5,0,4
341.4,445.7,1,4,5,1,2,3,3,8,6
631.9,526.2,3,1,4,3,2,7,2,2,3
574.3,506.6,0,4,5,1,3,7,3,9,5
202.4,536,3,6,7,1,3,6,3,6,3
361.2,536,2,5,7,2,4,13,2,10,7
358.9,500,0,0,2,2,1,7,0,5,5
655.0,376.1,2,3,6,3,1,19,2,3,2
288.9,342.5,6,4,7,3,2,6,6,9,11
93.8,480.0,1,1,7,6,2,4,4,1,1
231.0,510.8,0,3,8,5,3,4,4,8,5
385.0,536,2,7,7,0,3,13,2,7,2
476.0,536,2,9,12,3,3,7,0,9,2
267.4,536,0,8,10,2,4,6,0,13,5
472.5,536,0,9,11,2,4,8,0,9,0
385.0,536,2,7,8,1,5,15,0,12,7
227.5,536,0,7,8,1,5,14,0,7,0
435.4,536,1,12,13,1,5,17,0,12,1
627.2,536,2,9,10,1,6,12,0,14,7