415.25,344.25,1,0,1,1,1,3,4,5,6
317.6,178.0,7,6,6,0,1,13,13,6,7
344.2,218.6,6,6,8,2,2,21,16,11,11
297.3,387.3,2,8,10,2,3,13,10,13,7
354.7,372.6,4,8,9,1,3,17,10,8,4
281.2,470.6,5,5,5,0,4,16,15,10,10
414.2,451.7,3,9,9,0,5,22,16,14,8
368.0,500,0,0,0,0,1,0,0,5,5
355.4,187.1,7,8,9,1,1,14,15,7,7
453.4,369.1,4,7,9,2,2,12,8,13,9
375.0,217.9,5,5,6,1,3,16,17,10,10
546.5,253.6,5,4,4,0,3,22,17,4,5
471.6,374.7,3,13,14,1,4,18,12,18,8
471.6,491.8,3,10,10,0,5,22,15,15,8
252.5,493.3,2,11,11,0,5,19,7,11,2
257.4,447.1,2,4,5,1,6,13,13,9,7
270.0,449.9,2,5,7,2,7,20,14,10,7
368.0,500,0,0,0,0,1,0,0,5,5
517.8,171.0,6,4,4,0,1,11,14,4,6
431.7,269.7,7,8,9,1,2,22,11,13,12
433.1,287.9,6,6,7,1,3,13,10,11,11
335.1,453.1,3,9,10,1,3,10,8,9,3
211.9,330.6,2,10,11,1,4,19,5,14,7
328.8,271.8,4,11,12,1,5,11,9,17,9
173.4,347.4,3,7,9,2,5,17,12,7,3
368.0,500,0,0,0,0,1,0,0,5,5
370.1,259.9,5,2,4,2,1,11,5,2,5
475.8,161.2,4,2,2,0,2,12,8,7,9
339.3,237.5,2,5,9,4,3,15,10,10,7
397.4,373.3,3,12,13,1,3,13,11,12,3
386.9,374.0,4,10,11,1,4,18,14,15,9
300.8,300.5,3,5,8,3,5,25,17,10,8
125.8,427.9,2,8,9,1,5,22,15,8,2
107.8,342.5,0,8,9,1,6,21,18,12,5
582.4,397.8,2,10,10,0,7,20,14,15,7
619.5,418.8,2,8,9,1,7,25,18,9,2
368.0,500,0,0,0,0,1,0,0,5,5
538.8,189.9,5,7,7,0,1,8,8,7,5
410.7,201.8,9,5,6,1,2,14,15,10,14
217.5,257.8,3,8,9,1,3,11,9,13,8
447.8,231.9,5,6,7,1,3,19,13,6,5
368.0,500,0,0,0,0,1,0,0,5,5
375.0,198.3,5,5,5,0,1,11,11,5,5
312.7,341.8,4,6,9,3,2,10,8,11,9
461.1,356.5,6,10,12,2,3,16,10,15,11
206.3,368.4,3,13,15,2,3,14,11,13,3
383.4,403.4,4,13,14,1,4,18,11,18,9
372.2,324.3,5,10,11,1,5,17,16,15,10
449.2,327.1,1,1,1,0,1,6,4,6,6
426.8,341.8,9,7,7,0,2,12,10,12,14
263.7,269.7,5,5,6,1,2,12,11,5,5
251.1,252.5,5,8,8,0,3,12,14,13,10
399.5,382.0,4,9,11,2,4,13,4,14,9
566.8,402.3,2,9,10,1,4,18,10,9,2
249.0,446.4,5,14,14,0,5,18,13,18,10
285.6,433.1,4,10,10,0,6,18,12,16,9
341.6,410.7,2,7,9,2,6,23,20,7,2
381.3,321.5,3,2,2,0,1,7,3,7,8
533.2,243.1,0,1,2,1,1,4,3,1,0
296.6,248.0,5,2,2,0,1,4,4,2,5
483.5,211.6,2,5,6,1,2,7,5,9,7
366.6,291.4,2,4,4,0,2,5,6,5,2
424.7,376.8,1,4,5,1,3,6,5,9,6
358.9,405.5,3,4,4,0,3,6,3,4,3
358.9,411.1,2,4,4,0,3,7,6,4,2
254.6,371.2,1,1,3,2,4,8,7,6,6
337.2,330.6,2,7,7,0,4,8,7,7,2
361.0,402.7,3,4,5,1,4,7,4,4,3
431.0,367.0,0,5,5,0,5,10,3,10,5
368.0,500,0,0,0,0,1,0,0,5,5
391.8,250.1,2,2,2,0,1,8,5,2,2
372.2,177.3,4,1,1,0,1,9,8,1,4
468.8,184.3,4,2,2,0,2,8,4,7,9
549.3,126.9,3,3,4,1,2,8,7,3,3
396.0,199.0,3,4,5,1,2,6,6,4,3
384.1,234.0,3,4,3,-1,3,7,4,9,8
301.5,389.4,1,5,6,1,3,9,4,5,1
363.1,403.4,2,4,5,1,3,6,5,4,2
213.3,336.9,2,5,6,1,4,7,4,10,7
208.4,374.0,1,5,4,-1,4,9,4,5,1
296.6,299.1,2,3,4,1,4,5,4,3,2
225.2,412.9,1,6,6,0,5,15,7,11,6
140.8,369.4,1,3,3,0,5,7,6,2,1
462.7,402.3,0,9,9,0,5,9,3,10,0
368.0,500,0,0,0,0,1,0,0,5,5
243.4,391.5,3,0,0,0,1,14,13,0,3
411.4,430.7,3,1,1,0,2,10,10,6,8
198.1,469.2,4,1,1,0,2,10,12,0,4
420.7,419.1,3,0,0,0,3,8,6,6,8
384.3,503.1,0,1,1,0,4,12,5,6,5
170.1,487.0,0,1,1,0,4,12,7,1,0
368.0,500,0,0,0,0,1,0,0,5,5
181.8,406.5,4,0,0,0,1,18,11,0,4
473.0,421.2,3,0,0,0,2,9,8,5,8
394.6,507.3,3,0,0,0,2,9,2,0,3
175.7,486.3,2,1,1,0,3,6,3,6,7
378.7,435.9,2,1,1,0,4,11,5,6,7
368.0,500,0,0,0,0,1,0,0,5,5
506.6,417.3,2,2,2,0,1,5,4,2,2
140.8,493.3,3,0,0,0,2,6,6,5,8
273.0,354.0,5,0,0,0,2,10,9,0,5
338.1,452.7,3,3,3,0,3,9,5,8,8
368.0,500,0,0,0,0,1,0,0,5,5
486.3,241.3,4,2,2,0,1,5,6,2,4
484.2,514.3,2,0,0,0,2,12,7,5,7
298.0,519.2,3,1,1,0,2,37,7,1,3
363.1,436.6,3,1,1,0,3,13,9,6,8
287.5,386.2,3,1,1,0,4,10,12,6,8
123.7,417.7,3,1,1,0,4,9,10,1,3
335.8,447.1,1,2,2,0,5,10,4,7,6
368.0,500,0,0,0,0,1,0,0,5,5
360.5,500.3,1,1,1,0,1,10,8,1,1
271.6,536,2,1,1,0,2,9,3,6,7
345.1,484.9,2,1,1,0,2,7,5,1,2
177.8,528.3,1,0,0,0,3,11,6,5,6
314.1,492.3,0,1,5,4,1,10,2,6,5
421.9,477.8,2,7,8,1,2,11,2,12,7
324.6,482.8,1,8,9,1,2,9,3,8,1
254.6,475.1,2,5,6,1,3,10,5,10,7
146.4,525.5,1,5,9,4,4,10,3,10,6
368.0,500,0,0,0,0,1,0,0,5,5
538.8,480.0,2,4,7,3,1,11,3,4,2
235.0,519.9,1,6,6,0,2,11,6,11,6
267.4,459.0,2,8,9,1,3,12,1,13,7
168.0,491.9,2,5,8,3,3,15,8,5,2
404.75,492.375,0,0,1,1,1,4,3,5,5
528.3,442.2,1,3,3,0,1,10,3,3,1
342.1,440.1,3,3,4,1,2,8,7,8,8
388.3,414.9,2,4,6,2,3,13,8,9,7
408.6,431.0,1,13,14,1,3,11,0,12,1
304.3,462.5,1,11,12,1,4,16,1,17,6
115.3,462.5,2,7,8,1,5,7,4,12,7
231.5,524.8,2,14,15,1,5,9,6,14,2
399.5,440.5,1,2,2,0,1,7,5,7,6
469.5,385.9,3,5,6,1,1,11,6,5,3
264.4,404.8,3,7,10,3,2,10,7,12,8
384.8,271.1,5,9,9,0,3,14,13,14,10
367.3,467.5,2,10,9,-1,3,11,6,10,2
353.3,503.8,1,12,13,1,4,13,3,17,6
371.5,462.5,2,9,10,1,4,19,3,9,2
368.0,500,0,0,0,0,1,0,0,5,5
557.0,394.6,1,1,2,1,1,10,9,1,1
338.6,266.5,4,7,7,0,2,9,7,11,9
336.5,436.6,2,9,11,2,2,10,6,10,2
420.5,492.6,2,12,11,-1,3,14,7,16,7
220.3,454.1,2,10,10,0,4,16,3,16,7
370.1,363.5,2,3,3,0,1,8,4,8,7
504.5,281.6,5,7,8,1,2,11,12,12,10
242.0,369.8,2,10,11,1,2,10,12,10,2
368.0,500,0,0,0,0,1,0,0,5,5
440.8,463.6,0,2,3,1,1,5,3,7,5
438.0,162.6,8,8,9,1,1,16,7,8,8
377.8,297.0,3,10,11,1,2,13,3,15,8
358.9,405.5,1,9,11,2,3,12,7,14,6
556.3,510.5,1,10,12,2,3,11,0,10,1
368.0,500,0,0,0,0,1,0,0,5,5
295.9,402.0,1,4,5,1,1,13,6,4,1
410.0,503.5,1,7,8,1,2,11,6,12,6
463.9,536,0,12,13,1,2,12,0,12,0
111.1,536,3,10,13,3,3,14,2,15,8
318.3,535.3,1,13,16,3,4,12,2,18,6
316.2,536,0,24,24,0,4,15,0,24,0
378.5,536,1,24,27,3,5,9,1,28,6
317.6,527.6,0,25,29,4,5,12,1,26,0
368.0,500,0,0,0,0,1,0,0,5,5
267.9,495.8,2,6,8,2,1,11,4,6,2
263.7,418.1,2,5,10,5,2,12,3,9,7
380.6,474.1,2,10,11,1,2,13,1,11,2
335.8,536,1,9,13,4,3,13,2,14,6
276.3,536,1,15,18,3,4,9,0,20,6
365.2,263.4,2,5,5,0,1,12,8,10,7
524.1,456.6,1,7,9,2,2,8,3,12,6
184.4,492.6,0,9,10,1,2,12,3,9,0
322.0,442.2,2,7,9,2,3,12,6,12,7
338.8,532.5,1,12,14,2,3,11,0,12,1
342.3,519.9,0,13,13,0,4,12,4,18,5
387.8,536,2,13,13,0,5,15,2,17,7
361.9,536,1,20,23,3,5,12,1,21,1
527.1,526.9,0,22,24,2,6,12,7,27,5
386.9,175.9,2,3,3,0,1,16,11,8,7
403.7,404.1,1,8,8,0,2,14,3,13,6
456.2,486.6,2,10,13,3,2,9,4,10,2
254.6,424.0,3,10,15,5,3,18,6,15,8
592.1,513.6,1,17,19,2,3,10,3,17,1
386.0,536,0,16,19,3,4,10,0,21,5
472.8,536,2,16,18,2,5,11,1,20,7
342.6,536,0,23,27,4,5,6,0,23,0
377.6,536,1,25,27,2,6,9,2,31,6
374.8,536,1,23,27,4,6,9,0,22,1
390.9,536,1,31,32,1,7,11,2,37,6
360.1,536,1,28,30,2,8,10,1,32,6
365.7,536,0,28,28,0,8,8,1,28,0
361.5,536,1,29,31,2,9,13,3,34,6
442.7,491.2,1,33,35,2,9,19,14,34,1
369.9,526.9,1,36,37,1,10,13,7,41,6
340.5,525.5,0,36,37,1,11,14,6,41,5
361.875,500,0,0,2,2,1,1,0,5,5
187.4,371.9,1,0,5,5,1,5,3,0,1
384.8,330.6,1,2,7,5,1,4,5,2,1
372.2,359.3,2,1,5,4,1,5,5,1,2
257.4,302.6,1,1,7,6,2,5,4,6,6
207.0,233.3,1,2,8,6,2,8,2,2,1
144.0,454.6,2,2,5,3,2,13,9,2,2
168.0,408.6,1,0,5,5,2,9,7,0,1
158.2,384.1,1,2,6,4,2,9,11,2,1
368.0,500,0,0,0,0,1,0,0,5,5
362.4,300.8,0,3,7,4,1,3,4,3,0
318.3,259.5,1,2,9,7,1,7,6,2,1
543.7,246.2,3,3,8,5,1,8,8,3,3
561.9,437.3,0,1,4,3,1,6,2,1,0
368.0,500,0,0,0,0,1,0,0,5,5
297.3,479.8,0,2,4,2,1,8,3,2,0
111.5,260.2,2,1,6,5,1,8,10,1,2
368.2,190.9,3,0,7,7,1,10,11,0,3
306.6,231.5,1,0,8,8,1,8,3,0,1
450.8,426.8,0,3,4,1,2,15,6,8,5
393.4,421.2,1,2,5,3,2,6,5,2,1
368.0,507.0,0,0,1,1,1,1,1,5,5
383.4,427.5,0,0,5,5,1,8,8,0,0
433.1,354.0,0,3,6,3,1,10,4,3,0
515.7,162.2,3,1,9,8,1,11,8,1,3
279.1,337.9,1,3,8,5,1,4,5,2,1
146.8,375.7,1,3,6,3,2,4,2,9,6
261.6,335.8,0,0,5,5,2,13,3,0,0
265.8,246.9,2,1,6,5,2,10,10,1,2
435.2,361.7,1,3,7,4,2,7,3,3,1
450.6,305.0,1,2,6,4,3,11,9,7,6
496.8,254.6,1,4,9,5,3,9,6,4,1
477.9,466.0,1,1,4,3,3,12,12,1,1
515.0,499.6,1,3,5,2,3,13,9,3,1
441.5,473.7,1,3,5,2,3,10,11,3,1
566.8,503.8,0,0,3,3,4,14,5,5,5
678.8,465.3,2,3,6,3,4,6,4,3,2
676.2,536,0,4,6,2,4,11,1,3,0
719.9,522.0,0,1,4,3,4,7,1,2,0
389.0,434.375,0,0,3,3,1,1,1,5,5
286.8,246.6,0,3,8,5,1,4,5,3,0
454.1,164.0,3,2,10,8,1,7,4,2,3
627.7,273.9,2,0,10,10,1,2,4,0,2
353.3,528.1,0,3,6,3,2,17,1,8,5
449.9,396.0,3,4,6,2,2,10,6,4,3
368.0,500,0,0,0,0,1,0,0,5,5
337.9,447.4,0,0,4,4,1,7,3,0,0
379.9,209.8,2,2,8,6,1,9,7,2,2
483.5,191.6,3,2,9,7,1,10,6,2,3
279.1,144.0,3,3,11,8,1,17,14,2,3
330.9,179.0,3,1,8,7,2,13,10,7,8
386.9,281.9,0,3,8,5,2,14,7,3,0
377.1,390.4,1,1,4,3,2,12,3,1,1
355.4,531.1,1,3,5,2,2,9,3,3,1
312.7,536,0,2,3,1,2,7,0,2,0
195.8,536,3,3,5,2,3,5,10,7,8
194.4,529.7,0,3,4,1,3,16,1,4,0
181.4,536,0,6,8,2,3,13,0,5,0
91.0,536,0,2,4,2,3,16,0,3,0
107.8,528.3,1,3,4,1,3,15,5,3,1
70.0,498.2,0,1,5,4,4,2,18,6,5
377.625,518,0,0,3,3,1,1,2,5,5
537.4,395.3,1,2,6,4,1,7,5,2,1
508.0,287.5,0,0,6,6,1,5,6,0,0
448.5,452.0,0,1,5,4,1,2,0,1,0
433.1,433.8,3,0,4,4,2,4,8,5,8
500.3,391.8,0,2,6,4,2,3,5,2,0
249.7,511.5,0,2,4,2,2,7,6,2,0
183.2,510.1,1,2,4,2,2,5,9,2,1
323.9,501.0,2,3,5,2,2,8,12,3,2
368.0,500,0,0,0,0,1,0,0,5,5
319.0,497.9,0,0,3,3,1,6,2,0,0
247.6,278.8,2,3,8,5,1,10,5,3,2
447.1,214.4,3,0,7,7,1,5,7,0,3
378.5,229.1,2,1,8,7,1,8,6,1,2
512.2,259.2,1,0,7,7,2,4,4,5,6
375.0,285.1,2,1,7,6,2,6,6,1,2
400.9,247.3,1,3,9,6,2,10,3,3,1
314.8,388.0,1,4,7,3,2,9,9,4,1
368.0,500,0,0,0,0,1,0,1,5,5
425.4,534.6,0,0,4,4,1,3,5,0,0
538.8,265.1,3,0,6,6,1,5,3,0,3
400.9,175.5,0,0,5,5,1,7,3,0,0
368.0,500,0,0,0,0,1,0,0,5,5
311.3,420.3,0,1,5,4,1,4,4,0,0
441.5,239.2,1,2,8,6,1,7,8,3,1
221.0,227.3,3,1,8,7,1,9,5,1,3
417.0,377.8,0,2,7,5,1,9,2,2,0
519.9,449.9,3,0,4,4,2,8,6,5,8
292.4,516.4,0,6,6,0,2,11,0,6,0
221.0,536,0,5,6,1,2,11,1,5,0
408.6,536,0,1,3,2,2,7,0,1,0
459.7,536,2,2,5,3,2,9,0,2,2
448.5,536,0,2,4,2,3,16,0,7,5
473.7,536,0,5,6,1,3,21,0,5,0
240.6,536,0,7,7,0,3,22,0,7,0
368.0,500,0,0,0,0,1,0,0,5,5
235.0,481.9,0,0,4,4,1,10,2,0,0
415.6,379.2,0,3,6,3,1,5,9,2,0
325.3,449.2,1,0,5,5,1,9,7,1,1
189.5,405.1,2,4,6,2,1,12,8,4,2
321.1,236.4,1,1,7,6,2,10,12,6,6
276.3,361.0,2,4,7,3,2,7,13,4,2
566.8,508.7,1,5,7,2,2,10,9,5,1
371.5,532.5,0,2,4,2,2,21,1,2,0
280.5,435.9,2,4,6,2,2,15,7,4,2
504.5,533.2,0,2,5,3,3,9,3,6,5
438.0,536,0,1,4,3,3,17,0,2,0
517.8,536,0,4,6,2,3,16,0,4,0
368.0,500,0,0,0,0,1,0,0,5,5
356.1,502.9,0,0,4,4,1,3,7,0,0
377.1,427.5,0,3,5,2,1,5,9,3,0
390.4,246.9,3,2,7,5,1,12,13,2,3
433.1,137.7,2,2,10,8,1,9,13,1,2
340.7,276.3,1,2,7,5,2,14,12,8,6
348.4,267.9,2,5,7,2,2,13,14,4,2
193.0,271.4,3,1,7,6,2,10,16,2,3
421.9,326.0,0,3,7,4,2,9,9,3,0
469.5,293.8,1,0,6,6,2,10,15,0,1
398.1,163.6,2,0,8,8,3,13,12,5,7
608.8,211.9,1,0,6,6,3,13,11,0,1
451.3,341.4,1,3,7,4,3,6,13,3,1
551.4,420.5,0,2,5,3,3,8,9,1,0
624.9,529.0,0,3,4,1,3,15,2,4,0
594.1,536,0,4,5,1,4,18,0,9,5
442.9,536,0,3,5,2,4,19,0,3,0
399.5,519.2,1,2,4,2,4,15,5,2,1
368.0,500,0,0,0,0,1,0,0,5,5
368.0,500,0,0,0,0,1,0,0,5,5
293.1,500,0,3,4,1,1,10,0,3,0
203.7,240.3,2,0,0,0,2,3,7,5,7
546.7,492.6,1,6,8,2,2,18,3,6,1
366.1,531.8,4,1,3,2,3,8,3,5,9
420.7,536,1,6,9,3,3,10,2,7,1
420.0,536,1,12,13,1,4,11,2,16,6
380.1,512.2,1,10,11,1,4,20,2,11,1
223.3,475.8,2,10,10,0,5,25,1,14,7
368.0,500,0,0,0,0,1,0,0,5,5
335.1,500,0,2,2,0,1,2,0,2,0
230.1,521.1,3,1,3,2,2,6,4,6,8
501.2,486.3,2,1,1,0,2,6,6,1,2
478.1,536,4,5,7,2,3,16,4,10,9
678.3,464.6,1,6,9,3,3,6,5,6,1
166.9,459.0,3,6,7,1,3,13,3,6,3
536.5,536,1,9,11,2,4,18,4,14,6
610.7,536,0,8,9,1,4,13,1,7,0
228.5,498.9,1,6,6,0,5,9,3,12,6
179.5,519.9,1,2,7,5,5,12,3,2,1
284.9,515.0,1,10,10,0,6,13,0,14,6
323.4,536,1,9,12,3,6,2,2,10,1
307.8,358.6,2,0,0,0,1,4,2,5,7
281.9,512.9,3,1,2,1,1,3,5,1,3
224.4,487.0,3,4,5,1,2,13,5,9,8
338.8,536,3,4,7,3,3,15,0,9,8
368.0,500,0,0,0,0,1,0,0,5,5
493.3,321.0,2,1,2,1,1,6,3,1,2
602.5,491.2,2,3,3,0,2,7,5,8,7
210.5,536,0,4,11,7,2,17,0,4,0
224.5,536,2,3,7,4,3,5,0,8,7
429.6,536,1,8,11,3,3,16,2,8,1
484.9,503.1,2,8,10,2,4,3,1,13,7
259.5,536,0,8,10,2,4,15,2,8,0
375.0,536,1,6,9,3,5,10,2,11,6
479.3,536,1,6,9,3,5,16,3,5,1
361.0,536,0,7,9,2,6,8,0,13,5
411.4,536,1,12,12,0,6,10,0,11,1
368.0,500,0,0,0,0,1,0,0,5,5
447.1,364.2,2,0,0,0,1,4,4,0,2
429.6,431.4,4,1,1,0,2,5,5,6,9
60.9,524.8,2,0,1,1,2,4,3,0,2
414.4,457.6,3,4,7,3,3,11,4,9,8
301.7,524.8,1,8,10,2,3,7,4,7,1
266.0,368.0,2,3,5,2,3,8,2,4,2
399.7,480.0,2,5,6,1,4,9,4,9,7
366.8,513.6,2,8,9,1,4,11,1,9,2
430.5,536,0,9,12,3,5,19,1,14,5
397.6,536,2,15,15,0,5,24,0,15,2
455.5,500,0,0,0,0,1,2,0,5,5
652.2,500.3,2,0,1,1,1,4,4,0,2
506.6,471.6,3,0,0,0,2,6,2,5,8
616.5,520.6,1,5,9,4,2,11,1,5,1
426.8,536,1,3,7,4,3,22,1,7,6
538.8,510.1,2,5,7,2,3,14,4,6,2
193.0,522.0,0,5,7,2,4,9,0,10,5
189.0,526.2,2,2,4,2,4,18,4,2,2
147.7,536,0,3,4,1,4,20,0,3,0
317.1,536,1,6,10,4,5,12,0,11,6
368.0,500,0,0,0,0,1,0,0,5,5
311.3,402.7,1,0,0,0,1,4,3,0,1
318.3,358.9,4,0,0,0,1,7,5,0,4
341.4,445.7,1,4,5,1,2,3,3,8,6
631.9,526.2,3,1,4,3,2,7,2,2,3
574.3,506.6,0,4,5,1,3,7,3,9,5
202.4,536,3,6,7,1,3,6,3,6,3
361.2,536,2,5,7,2,4,13,2,10,7
358.9,500,0,0,2,2,1,7,0,5,5
655.0,376.1,2,3,6,3,1,19,2,3,2
288.9,342.5,6,4,7,3,2,6,6,9,11
93.8,480.0,1,1,7,6,2,4,4,1,1
231.0,510.8,0,3,8,5,3,4,4,8,5
385.0,536,2,7,7,0,3,13,2,7,2
476.0,536,2,9,12,3,3,7,0,9,2
267.4,536,0,8,10,2,4,6,0,13,5
472.5,536,0,9,11,2,4,8,0,9,0
385.0,536,2,7,8,1,5,15,0,12,7
227.5,536,0,7,8,1,5,14,0,7,0
435.4,536,1,12,13,1,5,17,0,12,1
627.2,536,2,9,10,1,6,12,0,14,7348.75,498.25,0,0,0,0,1,2,1,5,5
465.3,443.3,0,3,3,0,1,8,6,8,5
479.3,269.7,4,2,4,2,1,9,4,2,4
326.7,327.1,1,3,4,1,1,4,6,3,1
630.6,392.9,1,3,6,3,2,8,3,8,6
491.7,477.5,2,7,6,-1,2,9,4,6,2
331.4,358.9,3,3,3,0,3,7,6,9,8
368.0,500,0,0,0,0,1,0,0,5,5
346.3,362.1,0,3,5,2,1,7,2,3,0
363.1,228.4,4,4,3,-1,1,5,4,4,4
408.6,133.2,5,3,3,0,2,4,5,8,9
264.4,269.0,0,6,6,0,2,8,4,6,1
227.5,386.6,3,5,6,1,2,7,6,5,3
405.3,345.3,2,5,5,0,3,5,7,9,7
334.6,327.8,2,6,6,0,3,8,5,7,2
516.6,449.6,1,5,6,1,3,10,5,5,1
364.0,455.2,3,4,6,2,4,12,8,9,8
613.2,355.1,0,4,4,0,4,8,8,4,0
413.0,491.7,2,6,6,0,4,7,7,6,2
389.2,485.6,1,7,7,0,5,8,3,12,6
473.9,470.9,0,9,9,0,5,9,3,9,0
325.125,394.125,0,1,1,0,1,4,3,6,5
425.4,333.4,1,6,7,1,1,7,8,6,1
393.9,332.0,3,4,4,0,1,5,6,4,3
417.0,267.6,3,6,7,1,2,9,5,11,8
437.3,322.2,1,8,9,1,2,8,5,8,1
544.4,413.9,1,4,6,2,2,6,6,4,1
569.6,431.4,0,6,6,0,3,8,5,11,5
309.9,441.2,0,8,8,0,3,4,3,8,0
206.3,463.9,1,4,3,-1,4,9,5,9,6
245.5,442.2,0,0,0,0,4,6,5,0,0
370.8,434.9,0,2,4,2,1,6,3,6,5
345.6,253.6,3,3,3,0,1,4,6,4,3
443.6,229.8,2,4,6,2,2,5,2,9,7
330.2,346.0,1,4,5,1,2,5,5,4,1
253.2,439.8,1,8,7,-1,2,6,4,7,1
504.5,297.7,3,5,5,0,3,8,6,11,8
390.4,444.7,0,6,6,0,3,6,3,6,0
270.0,461.2,2,5,5,0,3,9,5,5,2
228.0,476.5,2,8,8,0,4,5,3,12,7
316.9,525.5,0,6,7,1,4,6,0,7,0
317.6,346.0,1,1,1,0,1,5,6,6,6
341.4,196.9,3,5,6,1,1,10,4,5,3
428.9,242.4,2,4,5,1,1,4,3,4,2
281.9,292.1,3,6,5,-1,2,8,3,11,8
328.8,426.5,0,7,7,0,2,8,3,7,0
353.3,406.9,1,6,6,0,3,8,5,11,6
550.7,441.9,0,5,7,2,3,11,5,5,0
592.7,406.2,1,7,7,0,3,12,4,6,1
354.875,426.5,0,2,2,0,1,6,4,7,5
426.1,204.6,3,1,2,1,1,9,4,1,3
398.1,218.6,5,1,1,0,1,6,5,1,5
403.7,290.0,3,5,6,1,2,6,3,9,8
348.75,480.75,0,0,0,0,1,2,2,5,5
446.4,283.0,1,2,2,0,1,6,5,2,1
330.9,339.0,2,4,5,1,1,5,7,4,2
429.6,327.8,3,3,3,0,2,3,5,8,8
267.9,273.9,4,3,4,1,2,9,8,3,4
218.9,363.5,0,3,5,2,2,9,8,3,0
482.8,296.3,2,2,3,1,3,3,5,7,7
276.3,358.6,1,6,6,0,3,6,5,6,1
293.1,356.5,1,7,7,0,3,7,4,6,1
337.2,420.2,1,5,7,2,4,10,7,11,6
329.5,450.3,1,8,8,0,4,9,5,8,1
174.8,330.6,0,5,5,0,4,7,6,5,0
368.0,500,0,0,0,0,1,0,0,5,5
362.4,332.7,1,1,2,1,1,5,5,1,1
368.0,212.3,3,0,0,0,1,5,6,0,3
328.3333333333333,421.8333333333333,0,0,1,1,1,3,2,5,5
393.2,223.5,2,5,4,-1,1,4,6,4,2
278.4,148.6,5,3,5,2,1,6,4,4,5
338.6,168.2,3,4,4,0,2,6,6,8,8
191.6,291.4,2,4,4,0,2,11,5,5,2
437.3,350.9,2,5,5,0,2,4,6,5,2
263.0,448.2,2,8,9,1,3,6,4,13,7
268.6,447.5,2,7,7,0,3,6,3,7,2
337.2,382.4,1,2,2,0,3,8,7,2,1
335.8,374.0,4,0,0,0,4,9,11,5,9
500.3,344.6,2,1,2,1,4,10,10,1,2
591.3,276.7,2,0,0,0,4,13,12,0,2
347.0,420.9,1,1,4,3,5,9,6,6,6
368.0,500,0,0,0,0,1,0,0,5,5
407.2,323.6,1,0,1,1,1,5,6,0,1
368.0,500,0,0,0,0,1,0,0,5,5
245.5,307.5,1,2,2,0,1,6,3,2,1
348.4,273.9,3,3,3,0,1,7,5,3,3
286.8,332.7,0,5,6,1,2,5,3,10,5
551.1,301.2,3,3,5,2,2,7,5,3,3
320.2,296.3,1,6,6,0,2,10,5,5,1
416.8,234.0,4,6,6,0,3,9,7,11,9
470.7,359.3,2,3,4,1,3,12,3,4,2
215.9,271.1,2,2,4,2,3,10,9,2,2
392.3,393.6,1,8,9,1,4,9,4,13,6
397.9,336.9,3,5,4,-1,4,9,7,4,3
235.5,409.7,2,4,6,2,4,10,5,5,2
305.5,388.7,3,5,6,1,5,6,5,10,8
369.2,424.4,0,6,7,1,5,10,4,6,0
236.2,439.1,2,6,7,1,5,7,6,6,2
361.7,323.6,1,1,2,1,1,6,4,6,6
364.5,162.6,3,3,2,-1,1,10,9,3,3
399.5,244.5,3,2,3,1,1,7,6,7,8
253.9,191.3,4,3,3,0,1,5,10,3,4
400.2,241.7,2,3,3,0,1,8,4,3,2
160.1,189.2,4,4,4,0,2,7,10,9,9
258.8,245.2,2,3,3,0,2,5,7,3,2
489.8,394.9,2,3,4,1,3,5,6,8,7
221.7,326.7,2,4,5,1,3,7,5,3,2
321.1,316.9,0,6,7,1,3,10,8,6,0
322.5,403.0,2,4,4,0,4,5,7,10,7
334.4,436.6,0,8,9,1,4,6,4,8,0
325.3,455.5,1,5,5,0,4,9,8,5,1
252.5,452.7,0,0,0,0,5,15,12,5,5
487.7,508.0,1,0,0,0,5,9,9,0,1
358.9,286.5,0,4,4,0,1,6,5,9,5
255.3,128.3,5,2,3,1,1,7,8,2,5
369.4,179.4,2,7,7,0,1,7,9,6,2
335.1,290.0,2,5,5,0,2,6,8,11,7
216.1,285.8,1,6,6,0,2,6,8,6,1
440.1,243.8,2,6,7,1,3,5,5,11,7
424.7,385.9,1,5,6,1,3,5,2,5,1
305.0,468.5,1,0,0,0,3,0,0,0,1
410.7,292.1,3,1,1,0,1,5,5,6,8
433.8,152.1,5,3,3,0,1,5,9,3,5
477.9,286.5,1,1,2,1,1,5,6,1,1
337.2,423.0,0,5,9,4,2,5,4,10,5
391.8,333.4,0,8,10,2,2,9,5,8,0
393.9,380.3,0,9,11,2,2,8,6,8,0
306.4,459.6,1,9,9,0,3,6,4,15,6
445.0,431.0,0,7,8,1,3,6,5,7,0
277.7,312.7,3,0,0,0,4,7,6,5,8
316.375,411.625,0,0,0,0,1,3,2,5,5
373.6,115.7,5,0,0,0,1,6,7,0,5
362.4,262.7,1,2,2,0,1,4,6,2,1
340.7,194.1,3,4,4,0,2,6,6,8,8
369.4,359.3,0,2,5,3,2,8,2,3,0
280.5,405.5,0,9,10,1,2,5,4,8,0
370.1,427.2,0,5,9,4,3,7,4,11,5
249.7,231.9,2,6,13,7,3,10,8,6,2
361.7,327.1,1,2,3,1,1,5,5,7,5
447.8,339.0,0,3,5,2,1,5,1,3,1
432.4,257.1,6,2,2,0,1,8,7,2,6
456.2,366.3,0,5,6,1,2,7,3,10,5
342.1,426.5,1,7,7,0,2,5,0,7,1
283.3,413.2,0,8,8,0,3,8,1,13,5
326.7,379.6,0,8,9,1,3,7,1,7,0
391.1,442.6,1,6,8,2,3,6,1,7,1
544.4,390.1,1,6,5,-1,4,7,4,11,6
269.3,353.0,0,4,6,2,4,12,8,4,0
375.0,422.3,0,8,8,0,4,7,3,8,0
382.0,399.2,0,5,6,1,5,8,5,10,5
130.7,364.2,2,5,5,0,5,10,6,4,2
146.8,271.8,2,0,3,3,5,6,6,1,2
330.9,406.9,0,10,10,0,6,8,3,14,5
360.3,370.5,0,3,4,1,1,4,3,8,5
453.4,139.5,4,3,2,-1,1,7,8,3,4
514.3,174.5,2,5,5,0,1,4,3,5,2
477.5,277.4,2,4,5,1,2,5,5,9,7
292.2,412.5,2,6,6,0,2,6,5,6,2
352.4,426.5,0,6,6,0,3,6,2,11,5
341.9,429.3,1,5,5,0,3,6,6,5,1
366.4,320.8,2,6,7,1,3,8,5,6,2
508.5,383.1,2,8,8,0,4,8,5,13,7
336.3,403.4,3,7,6,-1,4,9,7,6,3
368.0,500,0,0,0,0,1,0,0,5,5
470.2,344.6,2,2,2,0,1,5,6,2,2
412.8,169.6,4,3,4,1,1,8,5,3,4
329.5,138.1,4,4,4,0,2,9,6,9,9
455.5,233.3,2,6,6,0,2,8,4,6,2
286.8,369.1,2,4,5,1,2,7,4,4,2
405.1,262.0,3,5,5,0,3,8,5,10,8
384.1,266.2,1,6,7,1,3,9,8,6,1
345.6,302.6,1,6,7,1,3,5,4,6,1
283.3,383.1,3,8,9,1,4,10,5,13,8
291.0,412.5,0,8,10,2,4,8,3,8,0
456.2,339.7,1,0,0,0,1,4,4,5,6
381.3,200.4,4,4,4,0,1,8,8,4,4
323.2,234.0,3,1,1,0,1,7,3,1,3
399.5,398.5,0,6,7,1,2,4,1,11,5
376.4,472.0,0,7,8,1,2,6,2,7,0
298.0,318.0,1,7,6,-1,3,6,5,12,6
350.5,470.25,0,0,0,0,1,3,3,5,5
453.4,301.2,0,2,2,0,1,4,2,2,0
310.6,324.3,0,4,5,1,1,4,4,4,0
456.2,311.0,0,4,4,0,2,6,4,9,5
472.3,287.2,0,7,7,0,2,6,3,6,0
505.2,381.0,0,5,7,2,2,5,4,6,0
491.2,447.5,0,6,6,0,3,7,4,11,5
361.0,297.7,3,2,2,0,1,6,6,7,8
343.5,145.8,3,2,2,0,1,5,8,2,3
477.9,381.0,1,3,3,0,1,5,1,3,1
214.7,349.5,0,5,6,1,2,7,2,10,5
382.7,251.5,0,7,6,-1,2,7,4,7,0
309.2,393.6,0,5,6,1,3,6,5,10,5
443.6,429.3,0,7,9,2,3,5,2,6,0
298.7,266.2,3,0,0,0,1,6,4,5,8
385.5,213.7,1,4,4,0,1,8,4,4,1
375.0,276.0,0,4,4,0,1,6,5,4,0
375.0,308.9,0,7,7,0,2,6,6,12,5
368.0,500,0,0,0,0,1,0,0,5,5
329.5,365.6,0,1,1,0,1,6,4,1,0
519.9,367.0,0,2,3,1,1,5,0,2,0
356.8,321.5,0,4,5,1,2,3,4,9,5
307.8,399.2,0,9,10,1,2,7,3,9,0
555.0,468.5,0,5,8,3,2,5,0,5,0
480.5,440.5,0,6,9,3,3,5,1,11,5
477.7,332.0,0,8,8,0,3,5,2,7,0
257.9,360.7,1,8,8,0,3,6,4,9,1
219.4,340.4,0,7,7,0,4,7,2,12,5
261.4,429.3,1,8,8,0,4,7,4,7,1
368.0,500,0,0,0,0,1,0,0,5,5
416.3,395.7,0,2,2,0,1,5,5,2,0
419.1,223.5,3,4,4,0,1,3,2,4,3
423.3,252.9,2,3,5,2,2,7,7,8,7
360.3,199.7,4,3,3,0,2,4,3,3,4
410.0,361.4,0,7,8,1,2,4,4,6,0
246.9,362.8,3,4,5,1,3,6,3,10,8
422.6,352.3,0,6,7,1,3,6,4,6,0
368.0,500,0,0,0,0,1,1,1,5,5
379.9,276.0,2,2,3,1,1,6,4,1,2
386.2,199.7,3,4,3,-1,1,10,3,5,3
455.5,191.3,1,6,6,0,2,5,5,10,6
481.4,264.1,2,8,8,0,2,6,5,9,2
335.1,336.9,0,7,9,2,2,5,2,7,0
299.4,358.6,1,6,8,2,3,6,1,10,6
329.5,345.3,1,5,5,0,3,5,4,5,1
432.4,357.9,2,5,6,1,3,2,6,6,2
272.1,442.6,0,7,8,1,4,8,7,11,5
354.7,441.9,2,6,6,0,4,8,4,7,2
525.5,399.2,0,9,11,2,4,6,5,9,0
466.0,442.6,0,12,12,0,5,9,6,16,5
337.9,334.1,0,3,3,0,1,9,7,8,5
323.9,211.6,2,2,3,1,1,5,5,2,2
450.6,229.8,0,4,3,-1,1,7,6,4,0
452.0,304.7,0,8,8,0,2,8,2,12,5
422.6,374.0,0,6,7,1,2,5,2,7,0
394.6,449.1,1,6,7,1,3,3,2,10,6
691.8,516.4,0,7,8,1,3,6,1,8,0
506.4,536,2,8,9,1,3,4,1,8,2
234.8,455.5,0,8,7,-1,4,5,2,13,5
407.0,459.7,0,6,8,2,4,7,7,5,0
515.5,489.8,0,7,10,3,4,9,5,8,0
612.8,474.4,0,8,12,4,5,13,11,13,5
334.9,484.9,0,11,12,1,5,21,15,11,0
341.9,470.9,3,9,11,2,5,17,14,9,3
368.0,500,0,0,0,0,1,0,0,5,5
348.4,395.7,1,2,9,7,1,2,4,2,1
286.1,287.9,1,3,3,0,1,6,5,8,6
358.2,110.8,5,3,4,1,1,7,9,3,5
482.8,287.2,1,5,9,4,1,7,3,5,1
460.4,304.7,0,3,10,7,2,7,6,8,5
337.375,432.625,0,2,5,3,1,13,12,7,5
382.7,385.9,2,1,7,6,1,17,17,1,2
326.7,315.9,2,2,10,8,1,11,9,2,2
385.5,278.8,0,8,12,4,2,7,5,12,5
386.9,376.8,0,9,11,2,2,7,8,10,0
268.6,290.7,4,3,2,-1,2,10,4,3,4
505.9,294.9,1,4,5,1,3,6,4,9,6
377.8,244.5,4,3,3,0,3,6,5,3,3
362.4,243.1,3,7,7,0,3,9,5,7,4
327.1666666666667,364.6666666666667,0,0,0,0,1,3,1,5,5
368.0,500,0,0,0,0,1,0,1,5,5
297.3,285.8,4,1,1,0,1,6,3,1,4
347.7,278.8,3,2,3,1,1,5,8,2,3
323.2,110.8,5,1,1,0,2,9,11,6,10
551.4,462.2,1,6,6,0,2,5,1,6,1
337.9,174.5,5,0,0,0,2,5,6,0,5
441.5,208.1,1,2,4,2,3,7,7,7,6
331.6,354.4,1,9,10,1,3,12,7,9,1
366.6,302.6,1,2,4,2,1,4,4,7,6
533.3,202.5,2,3,4,1,1,4,2,3,2
363.6,112.9,4,3,3,0,1,6,8,3,4
402.3,294.9,1,3,3,0,1,6,5,8,6
324.6,159.8,3,3,4,1,1,5,5,3,3
327.75,351.25,0,1,1,0,1,6,4,6,5
378.5,247.3,4,3,5,2,1,3,8,3,4
339.3,192.7,3,3,3,0,1,5,8,3,3
366.6,282.3,2,5,7,2,2,4,5,10,7
223.1,418.1,1,7,6,-1,2,8,7,7,1
431.7,182.9,3,5,5,0,2,8,7,5,3
460.4,362.8,0,6,6,0,3,8,6,11,5
252.5,397.1,2,5,7,2,3,7,6,5,2
355.4,413.9,1,6,7,1,4,9,6,11,6
288.9,367.7,0,7,8,1,4,10,7,6,0
281.2,451.0,1,8,8,0,4,11,7,9,1
213.3,317.3,1,5,7,2,5,9,6,10,6
368.0,500,0,0,0,0,1,0,0,5,5
419.1,301.2,2,3,3,0,1,7,7,3,2
421.2,156.3,4,4,5,1,1,5,7,3,4
404.4,133.9,4,5,18,13,2,7,6,11,9
370.8,311.7,0,5,9,4,2,6,3,5,0
568.9,396.4,2,7,8,1,2,3,3,7,2
363.3333333333333,393.8333333333333,0,0,0,0,1,3,2,5,5
328.1,308.9,0,2,2,0,1,4,5,2,0
419.8,376.1,1,4,4,0,1,6,4,4,1
330.9,325.0,0,3,3,0,2,7,4,8,5
301.5,346.0,4,5,7,2,2,7,4,5,4
547.9,360.7,1,4,8,4,2,16,13,4,1
500.3,477.6,0,4,9,5,3,15,12,9,5
477.2,408.3,0,4,8,4,3,8,5,4,0
195.1,371.9,2,8,9,1,3,9,7,8,2
466.0,471.3,1,6,8,2,4,6,3,11,6
127.2,410.4,0,6,10,4,4,16,14,6,0
177.6,296.3,0,1,6,5,4,11,11,1,0
193.7,433.5,0,9,10,1,5,11,5,14,5
195.8,318.7,0,7,9,2,5,11,7,7,0
181.8,399.9,0,9,10,1,5,15,10,8,0
310.25,449.25,0,0,0,0,1,1,1,5,5
305.7,215.8,3,2,3,1,1,5,6,2,3
331.6,228.4,3,4,3,-1,1,4,8,4,3
273.5,194.8,4,3,3,0,2,5,2,8,9
188.1,276.7,1,8,8,0,2,6,6,7,1
253.2,378.9,0,7,8,1,2,6,4,8,0
332.3,367.0,3,8,8,0,3,17,7,13,8
323.2,379.6,1,7,8,1,3,9,7,7,1
302.9,316.6,4,3,3,0,3,8,6,3,4
404.4,325.7,2,4,6,2,4,7,7,9,7
486.3,408.3,2,5,4,-1,4,9,5,5,2
330.9,244.5,1,6,6,0,4,6,8,6,1
330.2,255.7,3,4,6,2,5,9,10,9,8
323.9,307.5,1,8,8,0,5,12,9,8,1
316.2,291.4,3,5,7,2,5,10,4,5,3
203.5,389.4,0,7,7,0,6,8,4,12,5
368.0,500,0,0,0,0,1,0,0,5,5
312.0,274.6,1,2,5,3,1,6,4,2,1
280.5,143.0,2,4,4,0,1,6,6,4,2
431.875,445.625,0,0,1,1,1,2,3,5,5
406.3,243.4,2,5,5,0,1,7,7,5,2
355.75,308.375,2,1,2,1,1,5,3,5,7
358.6666666666667,386.8333333333333,0,0,1,1,1,3,2,5,5
312.7,120.6,8,4,4,0,1,7,11,4,8
328.625,310.125,0,3,4,1,1,7,6,7,5
351.2,272.5,2,0,0,0,1,6,5,5,7
442.9,176.6,3,4,4,0,1,5,7,4,3
374.3,166.8,2,2,3,1,1,6,7,2,2
444.3,234.0,2,4,7,3,2,8,5,9,7
492.6,306.1,1,5,4,-1,2,8,6,5,1
255.3,355.1,1,7,7,0,3,8,6,12,6
255.3,372.6,1,5,5,0,3,5,5,5,1
288.2,335.5,1,7,8,1,3,11,8,6,1
292.4,319.4,0,7,9,2,4,10,7,12,5
225.2,425.1,2,6,6,0,4,11,8,7,2
344.9,343.9,2,6,7,1,4,11,6,5,2
308.5,278.1,2,5,6,1,5,12,8,11,7
313.4,432.3,1,6,8,2,5,11,6,6,1
234.3,399.5,1,5,7,2,5,10,8,4,1
253.66666666666666,393.8333333333333,1,1,1,0,1,4,2,5,6
368.0,187.1,0,4,4,0,1,4,5,5,0
416.3,193.4,4,2,3,1,1,2,3,2,4
344.2,157.7,4,6,5,-1,2,5,7,10,9
431.7,148.6,4,3,3,0,2,8,10,4,4
368.0,149.3,4,5,5,0,2,7,8,5,4
306.4,242.4,1,6,7,1,3,9,7,11,6
341.4,300.5,0,7,6,-1,3,8,5,7,0
419.8,226.3,2,3,5,2,3,6,6,3,2
337.2,174.5,3,0,1,1,4,7,9,5,8
304.3,273.9,1,4,5,1,4,8,6,4,1
368.0,500,0,0,0,0,1,0,0,5,5
370.8,341.8,0,4,4,0,1,6,5,4,0
324.6,133.9,6,4,4,0,1,5,7,4,6
366.6,103.8,4,1,1,0,2,5,5,6,9
470.9,160.5,2,5,7,2,2,12,9,5,2
451.3,180.1,5,5,5,0,2,6,7,5,5
319.0,227.0,2,7,7,0,3,8,6,12,7
449.9,211.6,3,5,7,2,3,9,6,5,3
364.5,172.4,4,7,6,-1,3,6,6,7,4
368.0,500,0,0,0,0,1,0,0,5,5
299.4,248.0,2,2,2,0,1,5,5,2,2
384.8,246.6,4,2,3,1,1,7,6,2,4
334.4,212.3,3,3,3,0,2,3,8,8,8
503.8,208.1,6,5,5,0,2,4,5,5,6
308.5,234.7,2,5,6,1,2,7,6,5,2
361.0,500,0,0,0,0,1,1,1,5,5
372.2,309.6,0,3,3,0,1,5,2,3,0
349.1,122.7,7,2,2,0,1,8,4,2,7
351.2,122.7,4,4,4,0,2,8,6,9,9
470.9,267.6,2,7,7,0,2,6,4,6,2
248.3,343.9,2,4,5,1,2,7,5,5,2
403.0,287.9,3,5,5,0,3,6,7,9,8
309.2,285.1,2,5,6,1,3,6,5,5,2
368.0,500,0,0,0,0,1,0,0,5,5
335.8,210.9,3,0,0,0,1,7,6,0,3
498.9,187.1,2,4,5,1,1,8,7,4,2
322.5,180.8,4,2,2,0,2,5,6,7,9
368.0,500,0,0,0,0,1,0,0,5,5
310.6,214.4,2,0,0,0,1,6,10,0,2
449.2,153.5,6,3,3,0,1,6,8,3,6
389.0,126.2,4,2,2,0,2,7,7,7,9
370.8,180.8,4,6,6,0,2,7,6,6,4
400.2,220.7,4,6,7,1,2,9,6,6,4
370.8,108.0,6,3,3,0,3,5,10,8,11
328.8,184.3,3,6,7,1,3,10,9,6,3
368.0,500,0,0,0,0,1,0,0,5,5
367.3,360.7,2,2,2,0,1,5,5,2,2
356.1,126.9,4,3,3,0,1,6,5,3,3
396.0,182.9,4,3,3,0,2,8,5,8,10
291.0,140.9,4,3,6,3,2,6,8,3,4
359.6,160.5,3,4,5,1,2,8,5,4,3
317.6,245.2,2,6,8,2,3,9,8,11,7
431.0,325.7,3,2,3,1,3,7,8,2,3
451.3,221.4,3,6,7,1,3,7,5,5,3
358.9,201.1,4,3,3,0,4,6,6,8,9
292.4,316.6,3,8,9,1,4,9,7,9,3
479.3,323.6,3,4,6,2,4,8,7,3,3
237.8,255.0,4,4,5,1,5,11,6,10,9
440.1,248.7,2,9,10,1,5,11,8,9,2
